⚠️  Using SUPABASE_KEY (Anon Key) - RLS Policies Required
🔄 Starting RAG Setup Verification...

1️⃣  Testing Storage Upload to 'documents' bucket...
Storage endpoint URL should have a trailing slash.
✅ Storage Upload Successful: verify_1768162869.txt

2️⃣  Testing Database Insert to 'document_chunks'...
✅ Database Insert Successful
   Inserted Data: [{'id': 1497, 'content': 'Verification text content', 'metadata': {'source': 'verification_script'}, 'embedding': '[0.068364635,0.06170121,-0.0063918564,0.082666636,-0.07825048,0.026623236,0.1312883,0.04139036,-0.0194882,-0.02711766,0.08872349,-0.102746226,0.05074146,-0.071399555,-0.009377467,-0.03930912,0.028911652,-0.010447021,-0.024713453,-0.03550657,-0.0409398,-0.009934669,-0.026162481,0.0579786,-0.0005227234,0.0076765697,0.013899057,-0.0017188883,0.04462313,-0.05902814,-0.03797691,0.037778128,-0.033261776,0.071620174,0.09725357,-0.08263589,0.027587691,-0.014187342,0.018265935,-0.0027844075,-0.024240928,-0.11488299,0.085165106,-0.01677231,-0.0063312906,0.06521774,-0.058009222,0.0966057,-0.014203113,-0.0068077785,-0.09896561,-0.015062184,-0.07829877,-0.035555076,-0.008226898,-0.013713451,-0.07628649,-0.030440893,-0.013566029,0.050162513,-0.010587415,-0.038433608,0.06742148,0.035650857,0.010679439,-0.078254394,-0.0068804733,-0.029992627,0.055952583,-0.07679134,-0.008973097,-0.0028156666,-0.029369002,0.068767615,0.013781757,0.030820278,-0.036453545,-0.07145441,0.054777857,-0.028921839,-0.06465525,-0.059759744,-0.067602165,0.022748822,0.07956757,0.05175476,0.14779109,-0.0025102673,-0.05539113,-0.027806155,0.019340461,0.0669731,-0.07954431,0.019017594,-0.0010065084,0.013368551,0.03823761,-0.04013354,0.06499574,0.13934006,0.059273124,0.018102128,-0.04912638,-0.057502445,-0.17033502,0.009853349,0.044815022,-0.087065615,0.046821266,-0.020280866,-0.062350735,0.030310124,0.04993296,-0.030683495,-0.0072414544,-0.060612544,-0.0056641405,0.028673815,-0.0559142,-0.0060670674,0.0754737,0.07301059,-0.032040037,-0.02797054,-0.0012949002,0.023711627,0.08237026,-2.0766289e-33,0.014701242,-0.08495347,0.059363462,-0.007922114,-0.016018933,0.026018176,0.03758904,0.12560159,-0.04001972,0.024688289,0.014536761,-0.06299939,0.034112923,-0.007704966,0.008209405,0.10464361,0.018790131,-0.021561,-0.043817446,0.05679702,0.016229298,-0.07353868,0.020176798,0.052550297,0.015011817,-0.06589297,-0.03256218,0.024974177,0.018452557,-0.00024807817,-0.062708795,-0.0061750794,-0.16048108,0.028035888,0.03299332,0.037282966,0.054069433,-0.007968138,-0.00862223,0.05409804,-0.04692633,-0.038709298,0.084929906,-0.0059687127,0.021968966,-0.052112125,-0.0474033,-0.054929655,0.034062956,-0.028323965,-0.032069158,-0.001349376,-0.040403184,-0.017786246,0.052214175,0.0038236892,0.008663027,0.032767303,0.010827345,0.11201037,-0.019771175,-0.04578476,-0.001998466,0.020862402,-0.0061428603,-0.0017815382,-0.006852347,-0.08124869,0.09173838,0.048644524,0.07781839,-0.058696967,0.0063664927,0.0036257983,-0.07129346,0.022082476,0.019479554,0.10130315,0.0066336757,-0.04467213,0.06134018,-0.09200718,-0.013309509,0.014620238,-0.017542802,0.0074479827,0.0061792587,-0.047906365,0.013118516,-0.07758804,0.014101859,0.035357274,-0.026125846,0.00273659,0.08631242,9.145004e-34,-0.022031214,0.050830808,-0.02727715,0.028655458,0.013774939,-0.071091436,0.09046224,-0.090609156,-0.065589145,0.066876,0.06702998,-0.05021112,0.01905007,-0.041391443,0.012624159,0.06912471,0.028137514,-0.07096924,-0.061129943,0.031668846,-0.09628458,0.13128051,-0.0035734412,-0.027121814,-0.0629574,-0.00092225324,-0.008711746,-0.031332064,-0.018576039,0.011511169,0.07184481,-0.071911626,-0.0059092357,0.093559615,0.046685483,-0.03197153,0.06953248,-0.045844685,0.0100748595,0.064211555,0.072441876,0.047211707,0.048770193,0.067656085,0.005446554,0.035828017,0.018218203,-0.038187683,0.050123215,0.041382782,-0.025492003,0.021603243,0.014217251,-0.0071387677,-0.014218375,-0.010116482,-0.09165201,0.009303089,0.0043343604,-0.009559123,-0.029871216,0.1747425,-0.004648787,0.05779292,-0.044758655,-0.0514466,-0.045916133,0.007481558,0.0054270523,0.03961108,-0.056228224,-0.0022874728,0.047871295,-0.039561078,0.027293151,0.039761294,-0.079782605,0.035162657,0.029268537,0.010187796,-0.0389723,-0.02787681,-0.040835846,0.04609612,-0.06932485,0.06200943,0.039238006,0.025836654,0.006316514,0.053539313,0.06970804,-0.008033188,-0.03832272,-0.10951794,0.018573843,-1.333459e-08,-0.025727985,-0.074774496,-0.019844608,0.038475152,0.027404942,-0.010851877,-0.035229158,0.036084138,-0.06322374,0.011520995,0.03340102,-0.012090593,0.0039969794,0.016543398,-0.008031074,-0.04171246,-0.0709198,0.008781463,0.0044564665,-0.038730875,-0.051264703,0.017773325,-0.018272687,0.043888748,-0.04283142,0.08245375,0.015403965,0.022078069,0.04447622,0.022823561,0.082912914,-0.012605269,0.013123894,-0.06695408,0.047919326,-0.04510047,0.006563292,0.0056326324,-0.019569332,-0.017291065,-0.03833112,-0.00036426086,-0.008689681,-0.026777465,-0.06598597,-0.14335735,0.04155494,-0.048564672,0.012765722,-0.08500635,-0.0109716905,-0.03812096,0.030118193,-0.038832057,-0.036733802,0.046529677,0.036237273,0.05229134,-0.09626367,-0.04153338,0.05025915,-3.3209075e-05,0.0018816516,0.019578151]'}]
